1790 1782 1776 1760 1758 1756 1746 1740 1708 1682 1648 1618 1600 1580 1506 1484 1466 1406 1398 1374 1358 1354 1356 1350 1364 1396 1414 1412 1472 1508 1537 1570 1596 1640 1670 1660 1670 1684 1682 1670 1676 1676 1692 1710 1732 1740 1742 1764 1768 1766 1770 1760 1758 1758 1760 1754 1776 1776 1798 1808 1822 1860 1868 1882 1904 1896 1898 1882 1870 1862 1860 1860 1856 1848 1846 1828 1830 1822 1824 1808 
1750 1738 1732 1716 1698 1684 1674 1660 1646 1572 1552 1530 1476 1450 1388 1364 1340 1310 1302 1292 1276 1280 1276 1280 1284 1294 1340 1366 1426 1462 1478 1492 1516 1524 1556 1562 1550 1544 1550 1546 1552 1548 1574 1586 1590 1622 1644 1650 1650 1654 1662 1648 1654 1642 1648 1636 1634 1636 1636 1652 1668 1684 1712 1726 1750 1768 1774 1782 1786 1772 1762 1770 1776 1782 1782 1782 1770 1760 1758 1752 
1630 1626 1612 1602 1578 1572 1564 1520 1492 1426 1382 1358 1308 1278 1264 1216 1212 1212 1180 1186 1186 1192 1188 1194 1214 1228 1266 1294 1318 1364 1394 1400 1454 1464 1478 1484 1476 1470 1460 1458 1460 1466 1472 1482 1502 1514 1548 1552 1562 1564 1566 1558 1546 1538 1524 1516 1512 1520 1518 1522 1554 1562 1588 1610 1622 1664 1672 1688 1712 1716 1698 1698 1700 1708 1710 1712 1730 1718 1706 1700 
1564 1564 1568 1564 1554 1528 1516 1476 1436 1412 1348 1326 1308 1266 1260 1234 1198 1200 1182 1200 1200 1210 1208 1210 1226 1250 1274 1306 1328 1348 1402 1412 1428 1458 1464 1462 1472 1456 1448 1426 1430 1426 1438 1448 1472 1492 1492 1510 1512 1532 1512 1514 1498 1480 1436 1422 1414 1420 1424 1430 1456 1456 1464 1494 1520 1522 1572 1594 1608 1642 1646 1646 1644 1648 1658 1668 1676 1676 1676 1680 
1430 1438 1454 1468 1484 1468 1462 1422 1392 1348 1336 1304 1278 1258 1232 1216 1224 1216 1218 1218 1226 1222 1226 1236 1246 1272 1290 1300 1344 1362 1378 1404 1420 1436 1454 1448 1456 1440 1428 1418 1408 1400 1392 1402 1390 1396 1404 1402 1390 1402 1410 1392 1388 1374 1350 1344 1328 1310 1312 1326 1322 1316 1338 1340 1352 1378 1388 1454 1480 1498 1538 1558 1560 1570 1574 1576 1588 1602 1604 1610 
1204 1218 1254 1280 1358 1374 1388 1394 1376 1368 1348 1330 1324 1308 1310 1312 1320 1316 1324 1324 1340 1336 1334 1340 1366 1382 1410 1430 1446 1466 1474 1488 1496 1492 1488 1502 1496 1518 1506 1490 1476 1460 1452 1426 1422 1422 1398 1406 1396 1386 1388 1376 1372 1366 1354 1332 1326 1306 1288 1278 1272 1262 1246 1260 1256 1270 1316 1352 1392 1418 1444 1486 1498 1500 1518 1528 1524 1556 1546 1558 
900 938 1018 1104 1154 1282 1342 1384 1432 1448 1458 1458 1464 1462 1484 1486 1496 1504 1502 1514 1514 1524 1534 1548 1552 1570 1582 1594 1618 1622 1640 1644 1648 1654 1650 1648 1652 1644 1654 1632 1624 1606 1594 1574 1542 1526 1516 1516 1496 1484 1476 1470 1466 1456 1428 1434 1404 1378 1350 1320 1298 1264 1220 1202 1194 1202 1214 1262 1296 1296 1352 1370 1406 1426 1434 1460 1466 1462 1472 1466 
818 856 940 988 1184 1246 1366 1430 1466 1496 1508 1512 1520 1526 1522 1556 1562 1568 1584 1584 1594 1604 1610 1620 1638 1654 1664 1674 1682 1704 1704 1710 1728 1724 1726 1730 1740 1734 1738 1732 1728 1718 1714 1676 1654 1644 1608 1590 1586 1570 1556 1554 1536 1528 1506 1490 1486 1454 1424 1402 1344 1308 1298 1218 1202 1178 1192 1192 1232 1268 1274 1296 1320 1314 1328 1338 1350 1352 1352 1342 
750 796 888 1004 1110 1284 1374 1424 1536 1552 1560 1556 1566 1596 1630 1654 1682 1694 1702 1722 1752 1752 1772 1804 1812 1850 1848 1858 1872 1872 1880 1880 1884 1896 1902 1900 1904 1916 1918 1920 1920 1928 1930 1912 1902 1892 1872 1840 1814 1790 1764 1744 1740 1698 1682 1664 1626 1598 1550 1508 1474 1428 1372 1326 1264 1222 1214 1184 1196 1212 1252 1250 1254 1240 1220 1198 1200 1184 1176 1166 
758 814 882 944 1178 1276 1340 1476 1506 1540 1556 1564 1580 1604 1622 1672 1682 1700 1730 1750 1762 1810 1834 1851 1878 1892 1906 1922 1924 1938 1936 1936 1948 1952 1948 1946 1944 1952 1968 1972 1980 1978 1974 1970 1954 1976 1934 1902 1890 1854 1840 1820 1788 1762 1728 1698 1666 1638 1618 1600 1512 1482 1462 1346 1318 1290 1244 1230 1226 1224 1236 1260 1256 1256 1270 1290 1328 1378 1388 1376 
862 904 918 1096 1202 1342 1446 1506 1552 1566 1572 1580 1604 1622 1676 1704 1724 1772 1784 1808 1840 1852 1880 1918 1938 1986 1998 2002 2016 2018 2028 2028 2034 2038 2040 2026 2022 2026 2026 2044 2052 2062 2056 2044 2038 2032 2030 2026 1968 1948 1914 1888 1874 1820 1800 1768 1736 1714 1692 1636 1584 1562 1484 1438 1378 1342 1314 1270 1256 1242 1252 1248 1218 1160 1118 1108 1002 980 968 910 
980 1044 1134 1196 1384 1462 1496 1566 1580 1588 1608 1630 1636 1692 1718 1776 1808 1828 1870 1886 1906 1954 1976 1998 2040 2072 2090 2112 2126 2120 2140 2140 2142 2140 2132 2126 2118 2114 2114 2126 2136 2156 2168 2164 2190 2212 2216 2180 2144 2088 2054 2024 1966 1926 1906 1848 1826 1806 1750 1716 1682 1620 1582 1502 1456 1424 1360 1330 1310 1278 1258 1248 1164 1098 1052 898 834 766 714 694 
1016 1068 1128 1278 1372 1422 1548 1576 1582 1612 1612 1616 1660 1680 1734 1760 1794 1848 1874 1886 1928 1954 1968 2014 2040 2056 2104 2118 2146 2150 2152 2158 2152 2152 2140 2126 2118 2112 2118 2126 2152 2166 2172 2182 2196 2236 2242 2218 2148 2106 2074 2044 2010 1984 1906 1878 1868 1808 1778 1718 1680 1652 1580 1532 1518 1464 1418 1392 1338 1316 1314 1254 1196 1140 988 906 756 716 666 620 
1102 1144 1236 1324 1350 1510 1558 1584 1594 1604 1616 1628 1642 1688 1730 1742 1802 1842 1856 1894 1920 1936 1984 2014 2058 2084 2100 2142 2158 2160 2176 2170 2174 2164 2154 2148 2124 2142 2156 2186 2224 2264 2286 2310 2424 2470 2502 2456 2380 2340 2204 2144 2114 1986 1960 1902 1872 1852 1794 1750 1726 1672 1620 1592 1514 1480 1470 1370 1348 1318 1292 1264 1158 1060 972 724 626 596 514 494 
1236 1322 1402 1488 1558 1580 1608 1612 1600 1602 1602 1616 1642 1662 1690 1750 1774 1790 1870 1888 1940 1970 1990 2032 2072 2124 2182 2216 2240 2256 2268 2278 2278 2262 2250 2246 2230 2230 2234 2254 2298 2316 2320 2426 2500 2550 2598 2566 2478 2392 2324 2178 2086 2038 1980 1946 1926 1876 1840 1828 1766 1718 1680 1602 1574 1502 1450 1426 1384 1346 1336 1280 1204 1160 970 846 718 536 482 458 
1316 1370 1488 1558 1584 1616 1624 1622 1624 1614 1616 1626 1634 1644 1734 1748 1806 1834 1856 1910 1942 1962 2014 2044 2072 2174 2222 2238 2276 2290 2310 2320 2322 2320 2308 2298 2290 2296 2308 2334 2360 2386 2446 2498 2622 2660 2676 2648 2574 2492 2348 2256 2176 1998 1976 1968 1928 1912 1866 1810 1786 1736 1692 1644 1578 1538 1522 1442 1412 1396 1354 1322 1302 1152 1062 812 684 598 468 442 
1338 1412 1494 1526 1594 1612 1594 1602 1616 1610 1610 1610 1624 1666 1700 1812 1852 1890 1938 1972 2006 2098 2118 2126 2220 2270 2310 2330 2338 2344 2358 2376 2376 2370 2368 2382 2386 2400 2426 2448 2476 2500 2540 2648 2690 2710 2734 2708 2678 2512 2406 2287 2100 2020 1998 1988 1980 1968 1944 1926 1836 1802 1774 1672 1632 1604 1514 1482 1432 1410 1394 1338 1288 1248 1120 982 822 606 510 478 
1426 1486 1514 1594 1612 1612 1632 1646 1686 1744 1762 1802 1816 1840 1918 1966 2000 2114 2168 2246 2320 2388 2490 2570 2604 2668 2646 2626 2562 2532 2520 2490 2476 2500 2520 2536 2568 2598 2616 2672 2706 2726 2766 2782 2774 2760 2748 2700 2602 2536 2314 2174 2132 2038 2044 2046 2062 2076 2066 2040 2014 1916 1836 1782 1700 1660 1624 1522 1494 1484 1450 1434 1380 1318 1276 1072 946 840 618 528 
1514 1562 1582 1594 1600 1604 1610 1672 1716 1792 1828 1850 1896 1920 1940 2040 2084 2120 2234 2288 2340 2476 2548 2656 2718 2750 2710 2666 2618 2550 2514 2508 2494 2490 2516 2536 2586 2662 2712 2736 2796 2804 2814 2798 2786 2768 2700 2656 2548 2424 2308 2156 2092 2074 2086 2094 2116 2130 2122 2122 2032 1988 1882 1804 1760 1674 1604 1566 1510 1482 1470 1442 1412 1400 1298 1246 1116 882 758 600 
1518 1554 1566 1572 1570 1604 1642 1710 1822 1920 1938 2032 2070 2100 2138 2170 2244 2314 2362 2468 2570 2644 2794 2876 2964 3046 3006 2882 2774 2688 2602 2534 2524 2490 2512 2528 2608 2664 2704 2804 2842 2872 2882 2862 2786 2728 2692 2576 2502 2454 2252 2194 2156 2126 2136 2176 2200 2214 2218 2162 2128 2020 1954 1916 1792 1732 1708 1576 1536 1523 1478 1462 1432 1402 1374 1242 1124 1048 778 666 
1550 1558 1572 1568 1582 1614 1726 1846 1934 2180 2266 2324 2444 2470 2470 2444 2448 2454 2528 2584 2754 2864 2954 3088 3162 3168 3084 2984 2912 2680 2582 2516 2432 2418 2450 2492 2528 2670 2734 2794 2884 2912 2930 2882 2826 2728 2622 2556 2440 2402 2370 2286 2250 2234 2254 2268 2278 2326 2318 2224 2158 2100 2006 1920 1886 1788 1712 1656 1576 1540 1522 1466 1446 1430 1398 1360 1220 1092 1016 804 
1552 1570 1572 1582 1604 1736 1860 1980 2310 2496 2716 2852 2902 2898 2824 2746 2618 2574 2552 2600 2690 2770 2952 3024 3104 3084 3036 2870 2730 2636 2494 2412 2382 2326 2332 2346 2452 2532 2654 2740 2796 2878 2900 2880 2764 2694 2658 2502 2502 2536 2516 2506 2442 2402 2392 2398 2392 2402 2352 2292 2246 2128 2062 1962 1904 1844 1738 1684 1640 1576 1532 1508 1444 1422 1408 1368 1334 1306 1084 964 
1552 1566 1572 1596 1664 1762 2030 2206 2286 2680 2854 2944 3046 3024 2900 2774 2704 2568 2528 2526 2654 2724 2754 2926 2966 2950 2882 2804 2636 2528 2466 2388 2326 2304 2304 2340 2352 2498 2560 2692 2754 2792 2812 2780 2736 2616 2552 2502 2570 2618 2648 2638 2604 2520 2488 2472 2428 2392 2378 2276 2218 2184 2044 1966 1922 1828 1790 1696 1656 1604 1538 1484 1474 1408 1394 1384 1342 1300 1232 1028 
1546 1562 1580 1596 1712 1870 2000 2276 2516 2654 2978 3084 3124 3064 2992 2768 2660 2578 2492 2508 2536 2628 2686 2726 2830 2830 2818 2672 2592 2498 2440 2402 2328 2310 2302 2336 2364 2386 2536 2594 2614 2704 2714 2680 2610 2560 2498 2534 2598 2742 2804 2814 2778 2688 2588 2518 2478 2404 2346 2312 2196 2136 2092 1946 1876 1856 1762 1724 1706 1624 1578 1516 1466 1442 1384 1382 1358 1310 1242 1158 
1554 1562 1568 1636 1732 1974 2182 2356 2628 2890 3044 3192 3200 3178 2964 2826 2752 2520 2476 2492 2544 2598 2660 2712 2748 2774 2732 2694 2562 2494 2460 2392 2366 2314 2314 2316 2368 2422 2452 2578 2630 2650 2672 2648 2558 2514 2488 2568 2690 2758 2862 2876 2876 2728 2658 2598 2460 2406 2308 2248 2204 2114 2024 1960 1856 1812 1788 1698 1666 1652 1574 1542 1514 1414 1396 1380 1362 1354 1230 1142 
1564 1578 1614 1640 1846 2012 2108 2470 2618 3000 3148 3236 3256 3194 3112 2820 2668 2596 2502 2508 2530 2588 2632 2682 2702 2694 2650 2616 2590 2528 2498 2490 2432 2404 2370 2356 2360 2400 2466 2498 2540 2564 2566 2534 2510 2498 2518 2592 2778 2902 2974 3038 3004 2962 2718 2590 2520 2374 2308 2266 2092 2036 1920 1844 1810 1734 1684 1664 1650 1640 1624 1562 1506 1462 1400 1384 1384 1368 1354 1274 
1570 1578 1628 1712 1780 2070 2246 2404 2814 3014 3162 3248 3250 3170 3056 2912 2606 2516 2494 2546 2584 2610 2688 2720 2740 2724 2696 2642 2620 2604 2568 2542 2536 2466 2444 2426 2416 2414 2444 2480 2496 2538 2544 2526 2498 2486 2492 2640 2754 2928 3028 3072 3038 2888 2800 2546 2452 2404 2238 2136 2060 1924 1868 1780 1740 1700 1652 1644 1640 1634 1606 1598 1488 1440 1408 1376 1370 1372 1342 1298 
1576 1594 1616 1746 1916 2000 2336 2552 2682 3140 3238 3285 3274 3240 3064 2890 2724 2574 2570 2578 2626 2670 2686 2764 2790 2788 2746 2722 2660 2628 2622 2634 2616 2594 2542 2506 2479 2458 2448 2462 2472 2468 2484 2482 2480 2468 2502 2526 2736 2848 3004 3058 3056 2846 2718 2640 2452 2348 2282 2048 1936 1888 1762 1716 1666 1630 1622 1626 1634 1636 1614 1590 1554 1456 1408 1402 1382 1392 1394 1344 
1586 1600 1652 1704 1874 2036 2142 2522 2858 3018 3230 3276 3294 3246 3152 2900 2738 2666 2624 2606 2610 2680 2740 2790 2948 2984 2956 2894 2826 2750 2718 2696 2642 2614 2588 2510 2476 2448 2402 2390 2384 2394 2390 2398 2396 2398 2416 2486 2536 2764 2866 2974 2968 2896 2730 2614 2538 2350 2226 2146 1882 1806 1776 1686 1650 1630 1602 1606 1628 1634 1624 1574 1528 1496 1430 1398 1382 1386 1390 1394 
1582 1604 1636 1706 1792 1992 2164 2322 2744 2942 3050 3158 3184 3180 2966 2812 2670 2642 2612 2578 2618 2650 2750 2852 2910 3044 3042 3038 2910 2842 2768 2720 2680 2588 2538 2504 2432 2384 2358 2320 2308 2298 2300 2306 2324 2330 2346 2440 2554 2612 2824 2910 2948 2832 2748 2667 2512 2424 2202 2016 1904 1790 1724 1686 1638 1610 1598 1606 1622 1620 1602 1582 1512 1460 1434 1388 1382 1378 1390 1386 
1618 1618 1632 1648 1774 1890 1914 2248 2436 2712 2846 2926 2972 2946 2886 2650 2582 2556 2524 2526 2566 2624 2690 2830 2980 3038 3058 3022 2990 2844 2790 2768 2638 2574 2506 2446 2402 2300 2260 2240 2208 2166 2152 2168 2182 2194 2248 2312 2462 2588 2684 2838 2892 2888 2770 2698 2624 2448 2330 2220 1900 1826 1726 1692 1652 1628 1622 1606 1620 1608 1610 1572 1536 1510 1430 1410 1398 1390 1394 1388 
1660 1652 1646 1666 1670 1758 1838 1930 2188 2346 2400 2570 2598 2504 2410 2374 2334 2332 2328 2358 2392 2428 2580 2688 2742 2908 2930 2876 2804 2752 2654 2588 2544 2446 2388 2352 2270 2214 2186 2118 2102 2074 2066 2076 2106 2118 2136 2256 2376 2456 2654 2746 2794 2830 2780 2668 2586 2532 2324 2128 1990 1830 1760 1714 1654 1642 1634 1612 1596 1594 1586 1566 1506 1470 1442 1404 1394 1380 1374 1382 
1686 1664 1650 1654 1632 1632 1657 1744 1820 2002 2092 2140 2192 2180 2172 2136 2152 2156 2180 2184 2200 2298 2360 2492 2600 2662 2692 2668 2608 2500 2442 2430 2354 2304 2282 2204 2170 2100 2060 2048 2024 2002 2002 2008 2022 2048 2090 2170 2238 2428 2532 2614 2770 2786 2734 2660 2586 2450 2330 2272 1954 1860 1814 1694 1666 1652 1616 1616 1582 1570 1550 1514 1488 1458 1432 1416 1400 1400 1388 1388 
1752 1712 1688 1610 1578 1554 1566 1588 1692 1790 1842 1914 1960 1970 1956 1944 1952 1998 2012 2014 2046 2094 2156 2230 2284 2398 2420 2414 2338 2282 2234 2108 2086 2070 2036 2008 1970 1950 1940 1922 1918 1920 1926 1938 1944 1970 2006 2034 2182 2260 2304 2496 2580 2598 2572 2542 2442 2386 2330 2072 1962 1910 1768 1714 1708 1662 1642 1596 1568 1542 1500 1484 1462 1422 1416 1416 1412 1398 1400 1420 
1778 1776 1644 1592 1514 1474 1472 1480 1524 1574 1650 1702 1726 1756 1740 1692 1692 1712 1718 1740 1748 1776 1794 1818 1858 1880 1902 1908 1886 1862 1824 1826 1824 1828 1814 1805 1796 1784 1788 1794 1786 1804 1812 1806 1842 1862 1870 1974 2026 2056 2190 2246 2326 2340 2340 2294 2252 2218 2116 2024 1940 1830 1772 1738 1696 1682 1674 1602 1564 1512 1480 1460 1422 1422 1418 1418 1426 1418 1444 1470 
1806 1762 1680 1646 1486 1434 1406 1410 1418 1492 1526 1542 1580 1612 1610 1582 1586 1598 1616 1620 1630 1658 1660 1690 1696 1700 1728 1730 1706 1680 1678 1690 1696 1692 1692 1686 1678 1680 1690 1688 1708 1708 1712 1744 1764 1786 1844 1884 1906 1988 2036 2062 2144 2158 2154 2120 2104 2068 2022 1972 1850 1790 1772 1728 1704 1704 1662 1630 1594 1500 1460 1436 1400 1404 1410 1416 1424 1444 1476 1488 
1786 1740 1688 1554 1482 1438 1362 1348 1364 1402 1426 1476 1494 1512 1518 1504 1506 1522 1516 1516 1538 1548 1550 1528 1540 1526 1528 1524 1502 1512 1522 1530 1528 1524 1538 1536 1536 1544 1550 1554 1564 1576 1592 1612 1644 1712 1762 1812 1836 1826 1826 1816 1814 1808 1818 1820 1824 1820 1820 1816 1766 1750 1718 1712 1704 1688 1674 1656 1590 1528 1522 1412 1382 1376 1386 1400 1432 1500 1536 1624 
1780 1752 1660 1554 1474 1372 1344 1326 1334 1366 1386 1414 1440 1454 1478 1478 1480 1484 1478 1480 1476 1484 1488 1492 1500 1486 1474 1476 1468 1470 1482 1482 1494 1494 1502 1496 1504 1504 1518 1526 1532 1536 1566 1572 1582 1708 1766 1812 1850 1836 1790 1752 1732 1702 1704 1710 1706 1716 1722 1726 1708 1712 1692 1694 1692 1688 1674 1644 1602 1558 1472 1418 1394 1364 1358 1368 1458 1518 1568 1674 
1734 1730 1638 1570 1448 1384 1350 1326 1326 1348 1392 1410 1410 1432 1444 1444 1450 1480 1470 1456 1444 1442 1438 1440 1442 1442 1430 1420 1426 1432 1444 1442 1442 1448 1448 1444 1442 1446 1462 1458 1476 1480 1498 1510 1608 1698 1760 1906 1934 1926 1822 1762 1656 1618 1606 1608 1610 1606 1626 1642 1640 1648 1644 1632 1654 1648 1658 1648 1622 1552 1482 1426 1364 1330 1338 1378 1434 1488 1662 1708 
1658 1648 1612 1590 1470 1418 1366 1354 1356 1374 1392 1396 1414 1430 1434 1438 1446 1450 1448 1450 1450 1432 1428 1418 1418 1428 1410 1408 1414 1408 1418 1424 1424 1424 1424 1422 1430 1428 1436 1444 1450 1466 1470 1536 1624 1698 1866 1966 1994 1992 1926 1884 1684 1596 1552 1540 1550 1556 1566 1558 1582 1580 1580 1602 1606 1606 1614 1618 1614 1560 1500 1408 1362 1334 1314 1362 1410 1544 1654 1700 
1552 1562 1550 1494 1454 1416 1382 1368 1366 1380 1400 1414 1420 1416 1428 1430 1420 1432 1426 1428 1416 1414 1414 1414 1412 1408 1400 1398 1392 1394 1402 1398 1396 1404 1406 1408 1408 1420 1420 1424 1446 1444 1468 1518 1600 1716 1820 1906 1990 1970 1938 1786 1702 1644 1524 1514 1512 1534 1526 1534 1540 1534 1554 1554 1560 1560 1568 1572 1562 1538 1524 1406 1364 1332 1332 1340 1472 1554 1616 1696 
1456 1454 1466 1450 1430 1386 1366 1368 1386 1384 1380 1386 1384 1394 1392 1396 1392 1402 1398 1394 1384 1382 1380 1378 1358 1354 1360 1360 1358 1354 1354 1354 1360 1386 1382 1394 1390 1396 1396 1412 1420 1420 1440 1486 1600 1664 1718 1846 1894 1880 1804 1702 1636 1520 1504 1496 1494 1508 1510 1508 1526 1524 1526 1538 1542 1536 1532 1550 1544 1546 1466 1418 1388 1334 1326 1348 1482 1552 1644 1654 
1354 1378 1384 1374 1354 1352 1360 1382 1390 1390 1394 1396 1400 1384 1382 1374 1364 1356 1350 1344 1334 1340 1328 1326 1324 1322 1324 1326 1330 1326 1338 1342 1340 1342 1336 1352 1362 1364 1374 1374 1376 1398 1406 1422 1524 1574 1596 1736 1774 1778 1710 1648 1550 1494 1472 1488 1486 1490 1492 1496 1498 1500 1518 1522 1522 1530 1532 1542 1550 1522 1490 1448 1388 1358 1346 1412 1476 1504 1612 1624 
1214 1250 1266 1268 1276 1300 1336 1370 1384 1402 1398 1392 1396 1388 1380 1360 1344 1336 1318 1298 1294 1276 1276 1282 1282 1274 1272 1272 1276 1278 1264 1268 1276 1290 1278 1292 1296 1302 1312 1316 1336 1342 1344 1350 1386 1416 1454 1528 1548 1564 1550 1524 1448 1440 1430 1448 1450 1459 1472 1476 1484 1482 1494 1524 1526 1528 1540 1548 1552 1556 1522 1508 1432 1396 1385 1428 1484 1564 1584 1576 
1106 1142 1162 1194 1244 1256 1316 1346 1362 1392 1402 1386 1390 1402 1380 1366 1356 1322 1300 1288 1264 1246 1246 1248 1246 1236 1242 1234 1230 1220 1220 1228 1232 1230 1236 1244 1242 1250 1258 1268 1278 1268 1288 1298 1300 1302 1344 1370 1390 1388 1358 1346 1344 1334 1342 1370 1372 1396 1394 1394 1430 1438 1446 1494 1500 1517 1538 1548 1566 1576 1568 1534 1488 1456 1404 1414 1462 1516 1530 1530 
1010 1038 1082 1112 1146 1216 1256 1296 1344 1344 1398 1384 1386 1382 1384 1368 1364 1318 1296 1290 1256 1248 1232 1228 1220 1212 1206 1200 1194 1184 1184 1182 1190 1190 1186 1194 1194 1194 1206 1208 1210 1216 1226 1238 1242 1248 1258 1256 1276 1286 1290 1296 1304 1306 1326 1332 1342 1346 1358 1376 1390 1396 1450 1474 1492 1532 1544 1552 1570 1572 1576 1554 1530 1496 1432 1412 1466 1486 1492 1478 
974 992 1024 1048 1070 1150 1182 1200 1268 1286 1306 1330 1338 1352 1360 1352 1340 1312 1292 1278 1268 1272 1252 1242 1240 1208 1198 1192 1186 1174 1174 1168 1162 1162 1170 1158 1164 1172 1168 1166 1180 1188 1184 1192 1198 1208 1214 1228 1230 1232 1252 1256 1244 1272 1276 1280 1296 1310 1312 1344 1368 1370 1422 1482 1498 1530 1542 1560 1574 1568 1568 1574 1566 1492 1440 1436 1408 1410 1406 1378 
902 898 978 1010 1026 1104 1150 1202 1230 1248 1286 1292 1298 1334 1332 1336 1328 1310 1296 1274 1270 1270 1262 1242 1232 1206 1196 1190 1180 1174 1172 1164 1158 1162 1162 1158 1164 1164 1162 1166 1162 1166 1172 1172 1188 1202 1196 1210 1218 1238 1234 1236 1238 1250 1260 1270 1284 1294 1302 1326 1336 1374 1422 1462 1514 1536 1552 1572 1564 1564 1574 1556 1552 1476 1438 1420 1344 1330 1328 1274 
826 866 912 942 1008 1046 1078 1126 1148 1162 1218 1230 1234 1258 1276 1272 1278 1276 1272 1278 1276 1278 1256 1252 1230 1232 1222 1200 1178 1158 1156 1152 1150 1160 1148 1154 1170 1170 1162 1162 1164 1164 1152 1156 1162 1166 1172 1190 1198 1206 1222 1234 1236 1246 1256 1266 1284 1292 1302 1322 1338 1366 1400 1446 1504 1530 1540 1550 1550 1538 1544 1528 1511 1452 1420 1328 1306 1282 1240 1208 
776 816 868 896 958 990 1010 1066 1086 1112 1160 1170 1192 1202 1194 1218 1226 1236 1234 1246 1250 1248 1238 1234 1216 1206 1198 1164 1170 1169 1172 1160 1156 1160 1164 1174 1172 1174 1176 1184 1176 1166 1158 1162 1158 1152 1160 1180 1184 1208 1218 1224 1234 1240 1248 1266 1284 1286 1304 1326 1332 1378 1400 1422 1490 1512 1526 1528 1520 1500 1498 1490 1444 1396 1354 1274 1222 1206 1154 1142 
